# Codebook rows of the clean-room AAC-LC decoder specification r01 (T5..T16):
# table dim index length codeword_hex values...  — facts of the standard, emitted by tools/gen/aac_tables.py
T5 1 0 18 0x3ffe8 -60
T5 1 1 18 0x3ffe6 -59
T5 1 2 18 0x3ffe7 -58
T5 1 3 18 0x3ffe5 -57
T5 1 4 19 0x7fff5 -56
T5 1 5 19 0x7fff1 -55
T5 1 6 19 0x7ffed -54
T5 1 7 19 0x7fff6 -53
T5 1 8 19 0x7ffee -52
T5 1 9 19 0x7ffef -51
T5 1 10 19 0x7fff0 -50
T5 1 11 19 0x7fffc -49
T5 1 12 19 0x7fffd -48
T5 1 13 19 0x7ffff -47
T5 1 14 19 0x7fffe -46
T5 1 15 19 0x7fff7 -45
T5 1 16 19 0x7fff8 -44
T5 1 17 19 0x7fffb -43
T5 1 18 19 0x7fff9 -42
T5 1 19 18 0x3ffe4 -41
T5 1 20 19 0x7fffa -40
T5 1 21 18 0x3ffe3 -39
T5 1 22 17 0x1ffef -38
T5 1 23 17 0x1fff0 -37
T5 1 24 16 0xfff5 -36
T5 1 25 17 0x1ffee -35
T5 1 26 16 0xfff2 -34
T5 1 27 16 0xfff3 -33
T5 1 28 16 0xfff4 -32
T5 1 29 16 0xfff1 -31
T5 1 30 15 0x7ff6 -30
T5 1 31 15 0x7ff7 -29
T5 1 32 14 0x3ff9 -28
T5 1 33 14 0x3ff5 -27
T5 1 34 14 0x3ff7 -26
T5 1 35 14 0x3ff3 -25
T5 1 36 14 0x3ff6 -24
T5 1 37 14 0x3ff2 -23
T5 1 38 13 0x1ff7 -22
T5 1 39 13 0x1ff5 -21
T5 1 40 12 0xff9 -20
T5 1 41 12 0xff7 -19
T5 1 42 12 0xff6 -18
T5 1 43 11 0x7f9 -17
T5 1 44 12 0xff4 -16
T5 1 45 11 0x7f8 -15
T5 1 46 10 0x3f9 -14
T5 1 47 10 0x3f7 -13
T5 1 48 10 0x3f5 -12
T5 1 49 9 0x1f8 -11
T5 1 50 9 0x1f7 -10
T5 1 51 8 0xfa -9
T5 1 52 8 0xf8 -8
T5 1 53 8 0xf6 -7
T5 1 54 7 0x79 -6
T5 1 55 6 0x3a -5
T5 1 56 6 0x38 -4
T5 1 57 5 0x1a -3
T5 1 58 4 0xb -2
T5 1 59 3 0x4 -1
T5 1 60 1 0x0 0
T5 1 61 4 0xa 1
T5 1 62 4 0xc 2
T5 1 63 5 0x1b 3
T5 1 64 6 0x39 4
T5 1 65 6 0x3b 5
T5 1 66 7 0x78 6
T5 1 67 7 0x7a 7
T5 1 68 8 0xf7 8
T5 1 69 8 0xf9 9
T5 1 70 9 0x1f6 10
T5 1 71 9 0x1f9 11
T5 1 72 10 0x3f4 12
T5 1 73 10 0x3f6 13
T5 1 74 10 0x3f8 14
T5 1 75 11 0x7f5 15
T5 1 76 11 0x7f4 16
T5 1 77 11 0x7f6 17
T5 1 78 11 0x7f7 18
T5 1 79 12 0xff5 19
T5 1 80 12 0xff8 20
T5 1 81 13 0x1ff4 21
T5 1 82 13 0x1ff6 22
T5 1 83 13 0x1ff8 23
T5 1 84 14 0x3ff8 24
T5 1 85 14 0x3ff4 25
T5 1 86 16 0xfff0 26
T5 1 87 15 0x7ff4 27
T5 1 88 16 0xfff6 28
T5 1 89 15 0x7ff5 29
T5 1 90 18 0x3ffe2 30
T5 1 91 19 0x7ffd9 31
T5 1 92 19 0x7ffda 32
T5 1 93 19 0x7ffdb 33
T5 1 94 19 0x7ffdc 34
T5 1 95 19 0x7ffdd 35
T5 1 96 19 0x7ffde 36
T5 1 97 19 0x7ffd8 37
T5 1 98 19 0x7ffd2 38
T5 1 99 19 0x7ffd3 39
T5 1 100 19 0x7ffd4 40
T5 1 101 19 0x7ffd5 41
T5 1 102 19 0x7ffd6 42
T5 1 103 19 0x7fff2 43
T5 1 104 19 0x7ffdf 44
T5 1 105 19 0x7ffe7 45
T5 1 106 19 0x7ffe8 46
T5 1 107 19 0x7ffe9 47
T5 1 108 19 0x7ffea 48
T5 1 109 19 0x7ffeb 49
T5 1 110 19 0x7ffe6 50
T5 1 111 19 0x7ffe0 51
T5 1 112 19 0x7ffe1 52
T5 1 113 19 0x7ffe2 53
T5 1 114 19 0x7ffe3 54
T5 1 115 19 0x7ffe4 55
T5 1 116 19 0x7ffe5 56
T5 1 117 19 0x7ffd7 57
T5 1 118 19 0x7ffec 58
T5 1 119 19 0x7fff4 59
T5 1 120 19 0x7fff3 60
T6 4 0 11 0x7f8 -1 -1 -1 -1
T6 4 1 9 0x1f1 -1 -1 -1 0
T6 4 2 11 0x7fd -1 -1 -1 1
T6 4 3 10 0x3f5 -1 -1 0 -1
T6 4 4 7 0x68 -1 -1 0 0
T6 4 5 10 0x3f0 -1 -1 0 1
T6 4 6 11 0x7f7 -1 -1 1 -1
T6 4 7 9 0x1ec -1 -1 1 0
T6 4 8 11 0x7f5 -1 -1 1 1
T6 4 9 10 0x3f1 -1 0 -1 -1
T6 4 10 7 0x72 -1 0 -1 0
T6 4 11 10 0x3f4 -1 0 -1 1
T6 4 12 7 0x74 -1 0 0 -1
T6 4 13 5 0x11 -1 0 0 0
T6 4 14 7 0x76 -1 0 0 1
T6 4 15 9 0x1eb -1 0 1 -1
T6 4 16 7 0x6c -1 0 1 0
T6 4 17 10 0x3f6 -1 0 1 1
T6 4 18 11 0x7fc -1 1 -1 -1
T6 4 19 9 0x1e1 -1 1 -1 0
T6 4 20 11 0x7f1 -1 1 -1 1
T6 4 21 9 0x1f0 -1 1 0 -1
T6 4 22 7 0x61 -1 1 0 0
T6 4 23 9 0x1f6 -1 1 0 1
T6 4 24 11 0x7f2 -1 1 1 -1
T6 4 25 9 0x1ea -1 1 1 0
T6 4 26 11 0x7fb -1 1 1 1
T6 4 27 9 0x1f2 0 -1 -1 -1
T6 4 28 7 0x69 0 -1 -1 0
T6 4 29 9 0x1ed 0 -1 -1 1
T6 4 30 7 0x77 0 -1 0 -1
T6 4 31 5 0x17 0 -1 0 0
T6 4 32 7 0x6f 0 -1 0 1
T6 4 33 9 0x1e6 0 -1 1 -1
T6 4 34 7 0x64 0 -1 1 0
T6 4 35 9 0x1e5 0 -1 1 1
T6 4 36 7 0x67 0 0 -1 -1
T6 4 37 5 0x15 0 0 -1 0
T6 4 38 7 0x62 0 0 -1 1
T6 4 39 5 0x12 0 0 0 -1
T6 4 40 1 0x0 0 0 0 0
T6 4 41 5 0x14 0 0 0 1
T6 4 42 7 0x65 0 0 1 -1
T6 4 43 5 0x16 0 0 1 0
T6 4 44 7 0x6d 0 0 1 1
T6 4 45 9 0x1e9 0 1 -1 -1
T6 4 46 7 0x63 0 1 -1 0
T6 4 47 9 0x1e4 0 1 -1 1
T6 4 48 7 0x6b 0 1 0 -1
T6 4 49 5 0x13 0 1 0 0
T6 4 50 7 0x71 0 1 0 1
T6 4 51 9 0x1e3 0 1 1 -1
T6 4 52 7 0x70 0 1 1 0
T6 4 53 9 0x1f3 0 1 1 1
T6 4 54 11 0x7fe 1 -1 -1 -1
T6 4 55 9 0x1e7 1 -1 -1 0
T6 4 56 11 0x7f3 1 -1 -1 1
T6 4 57 9 0x1ef 1 -1 0 -1
T6 4 58 7 0x60 1 -1 0 0
T6 4 59 9 0x1ee 1 -1 0 1
T6 4 60 11 0x7f0 1 -1 1 -1
T6 4 61 9 0x1e2 1 -1 1 0
T6 4 62 11 0x7fa 1 -1 1 1
T6 4 63 10 0x3f3 1 0 -1 -1
T6 4 64 7 0x6a 1 0 -1 0
T6 4 65 9 0x1e8 1 0 -1 1
T6 4 66 7 0x75 1 0 0 -1
T6 4 67 5 0x10 1 0 0 0
T6 4 68 7 0x73 1 0 0 1
T6 4 69 9 0x1f4 1 0 1 -1
T6 4 70 7 0x6e 1 0 1 0
T6 4 71 10 0x3f7 1 0 1 1
T6 4 72 11 0x7f6 1 1 -1 -1
T6 4 73 9 0x1e0 1 1 -1 0
T6 4 74 11 0x7f9 1 1 -1 1
T6 4 75 10 0x3f2 1 1 0 -1
T6 4 76 7 0x66 1 1 0 0
T6 4 77 9 0x1f5 1 1 0 1
T6 4 78 11 0x7ff 1 1 1 -1
T6 4 79 9 0x1f7 1 1 1 0
T6 4 80 11 0x7f4 1 1 1 1
T7 4 0 9 0x1f3 -1 -1 -1 -1
T7 4 1 7 0x6f -1 -1 -1 0
T7 4 2 9 0x1fd -1 -1 -1 1
T7 4 3 8 0xeb -1 -1 0 -1
T7 4 4 6 0x23 -1 -1 0 0
T7 4 5 8 0xea -1 -1 0 1
T7 4 6 9 0x1f7 -1 -1 1 -1
T7 4 7 8 0xe8 -1 -1 1 0
T7 4 8 9 0x1fa -1 -1 1 1
T7 4 9 8 0xf2 -1 0 -1 -1
T7 4 10 6 0x2d -1 0 -1 0
T7 4 11 7 0x70 -1 0 -1 1
T7 4 12 6 0x20 -1 0 0 -1
T7 4 13 5 0x6 -1 0 0 0
T7 4 14 6 0x2b -1 0 0 1
T7 4 15 7 0x6e -1 0 1 -1
T7 4 16 6 0x28 -1 0 1 0
T7 4 17 8 0xe9 -1 0 1 1
T7 4 18 9 0x1f9 -1 1 -1 -1
T7 4 19 7 0x66 -1 1 -1 0
T7 4 20 8 0xf8 -1 1 -1 1
T7 4 21 8 0xe7 -1 1 0 -1
T7 4 22 6 0x1b -1 1 0 0
T7 4 23 8 0xf1 -1 1 0 1
T7 4 24 9 0x1f4 -1 1 1 -1
T7 4 25 7 0x6b -1 1 1 0
T7 4 26 9 0x1f5 -1 1 1 1
T7 4 27 8 0xec 0 -1 -1 -1
T7 4 28 6 0x2a 0 -1 -1 0
T7 4 29 7 0x6c 0 -1 -1 1
T7 4 30 6 0x2c 0 -1 0 -1
T7 4 31 5 0xa 0 -1 0 0
T7 4 32 6 0x27 0 -1 0 1
T7 4 33 7 0x67 0 -1 1 -1
T7 4 34 6 0x1a 0 -1 1 0
T7 4 35 8 0xf5 0 -1 1 1
T7 4 36 6 0x24 0 0 -1 -1
T7 4 37 5 0x8 0 0 -1 0
T7 4 38 6 0x1f 0 0 -1 1
T7 4 39 5 0x9 0 0 0 -1
T7 4 40 3 0x0 0 0 0 0
T7 4 41 5 0x7 0 0 0 1
T7 4 42 6 0x1d 0 0 1 -1
T7 4 43 5 0xb 0 0 1 0
T7 4 44 6 0x30 0 0 1 1
T7 4 45 8 0xef 0 1 -1 -1
T7 4 46 6 0x1c 0 1 -1 0
T7 4 47 7 0x64 0 1 -1 1
T7 4 48 6 0x1e 0 1 0 -1
T7 4 49 5 0xc 0 1 0 0
T7 4 50 6 0x29 0 1 0 1
T7 4 51 8 0xf3 0 1 1 -1
T7 4 52 6 0x2f 0 1 1 0
T7 4 53 8 0xf0 0 1 1 1
T7 4 54 9 0x1fc 1 -1 -1 -1
T7 4 55 7 0x71 1 -1 -1 0
T7 4 56 9 0x1f2 1 -1 -1 1
T7 4 57 8 0xf4 1 -1 0 -1
T7 4 58 6 0x21 1 -1 0 0
T7 4 59 8 0xe6 1 -1 0 1
T7 4 60 8 0xf7 1 -1 1 -1
T7 4 61 7 0x68 1 -1 1 0
T7 4 62 9 0x1f8 1 -1 1 1
T7 4 63 8 0xee 1 0 -1 -1
T7 4 64 6 0x22 1 0 -1 0
T7 4 65 7 0x65 1 0 -1 1
T7 4 66 6 0x31 1 0 0 -1
T7 4 67 4 0x2 1 0 0 0
T7 4 68 6 0x26 1 0 0 1
T7 4 69 8 0xed 1 0 1 -1
T7 4 70 6 0x25 1 0 1 0
T7 4 71 7 0x6a 1 0 1 1
T7 4 72 9 0x1fb 1 1 -1 -1
T7 4 73 7 0x72 1 1 -1 0
T7 4 74 9 0x1fe 1 1 -1 1
T7 4 75 7 0x69 1 1 0 -1
T7 4 76 6 0x2e 1 1 0 0
T7 4 77 8 0xf6 1 1 0 1
T7 4 78 9 0x1ff 1 1 1 -1
T7 4 79 7 0x6d 1 1 1 0
T7 4 80 9 0x1f6 1 1 1 1
T8 4 0 1 0x0 0 0 0 0
T8 4 1 4 0x9 0 0 0 1
T8 4 2 8 0xef 0 0 0 2
T8 4 3 4 0xb 0 0 1 0
T8 4 4 5 0x19 0 0 1 1
T8 4 5 8 0xf0 0 0 1 2
T8 4 6 9 0x1eb 0 0 2 0
T8 4 7 9 0x1e6 0 0 2 1
T8 4 8 10 0x3f2 0 0 2 2
T8 4 9 4 0xa 0 1 0 0
T8 4 10 6 0x35 0 1 0 1
T8 4 11 9 0x1ef 0 1 0 2
T8 4 12 6 0x34 0 1 1 0
T8 4 13 6 0x37 0 1 1 1
T8 4 14 9 0x1e9 0 1 1 2
T8 4 15 9 0x1ed 0 1 2 0
T8 4 16 9 0x1e7 0 1 2 1
T8 4 17 10 0x3f3 0 1 2 2
T8 4 18 9 0x1ee 0 2 0 0
T8 4 19 10 0x3ed 0 2 0 1
T8 4 20 13 0x1ffa 0 2 0 2
T8 4 21 9 0x1ec 0 2 1 0
T8 4 22 9 0x1f2 0 2 1 1
T8 4 23 11 0x7f9 0 2 1 2
T8 4 24 11 0x7f8 0 2 2 0
T8 4 25 10 0x3f8 0 2 2 1
T8 4 26 12 0xff8 0 2 2 2
T8 4 27 4 0x8 1 0 0 0
T8 4 28 6 0x38 1 0 0 1
T8 4 29 10 0x3f6 1 0 0 2
T8 4 30 6 0x36 1 0 1 0
T8 4 31 7 0x75 1 0 1 1
T8 4 32 10 0x3f1 1 0 1 2
T8 4 33 10 0x3eb 1 0 2 0
T8 4 34 10 0x3ec 1 0 2 1
T8 4 35 12 0xff4 1 0 2 2
T8 4 36 5 0x18 1 1 0 0
T8 4 37 7 0x76 1 1 0 1
T8 4 38 11 0x7f4 1 1 0 2
T8 4 39 6 0x39 1 1 1 0
T8 4 40 7 0x74 1 1 1 1
T8 4 41 10 0x3ef 1 1 1 2
T8 4 42 9 0x1f3 1 1 2 0
T8 4 43 9 0x1f4 1 1 2 1
T8 4 44 11 0x7f6 1 1 2 2
T8 4 45 9 0x1e8 1 2 0 0
T8 4 46 10 0x3ea 1 2 0 1
T8 4 47 13 0x1ffc 1 2 0 2
T8 4 48 8 0xf2 1 2 1 0
T8 4 49 9 0x1f1 1 2 1 1
T8 4 50 12 0xffb 1 2 1 2
T8 4 51 10 0x3f5 1 2 2 0
T8 4 52 11 0x7f3 1 2 2 1
T8 4 53 12 0xffc 1 2 2 2
T8 4 54 8 0xee 2 0 0 0
T8 4 55 10 0x3f7 2 0 0 1
T8 4 56 15 0x7ffe 2 0 0 2
T8 4 57 9 0x1f0 2 0 1 0
T8 4 58 11 0x7f5 2 0 1 1
T8 4 59 15 0x7ffd 2 0 1 2
T8 4 60 13 0x1ffb 2 0 2 0
T8 4 61 14 0x3ffa 2 0 2 1
T8 4 62 16 0xffff 2 0 2 2
T8 4 63 8 0xf1 2 1 0 0
T8 4 64 10 0x3f0 2 1 0 1
T8 4 65 14 0x3ffc 2 1 0 2
T8 4 66 9 0x1ea 2 1 1 0
T8 4 67 10 0x3ee 2 1 1 1
T8 4 68 14 0x3ffb 2 1 1 2
T8 4 69 12 0xff6 2 1 2 0
T8 4 70 12 0xffa 2 1 2 1
T8 4 71 15 0x7ffc 2 1 2 2
T8 4 72 11 0x7f2 2 2 0 0
T8 4 73 12 0xff5 2 2 0 1
T8 4 74 16 0xfffe 2 2 0 2
T8 4 75 10 0x3f4 2 2 1 0
T8 4 76 11 0x7f7 2 2 1 1
T8 4 77 15 0x7ffb 2 2 1 2
T8 4 78 12 0xff7 2 2 2 0
T8 4 79 12 0xff9 2 2 2 1
T8 4 80 15 0x7ffa 2 2 2 2
T9 4 0 4 0x7 0 0 0 0
T9 4 1 5 0x16 0 0 0 1
T9 4 2 8 0xf6 0 0 0 2
T9 4 3 5 0x18 0 0 1 0
T9 4 4 4 0x8 0 0 1 1
T9 4 5 8 0xef 0 0 1 2
T9 4 6 9 0x1ef 0 0 2 0
T9 4 7 8 0xf3 0 0 2 1
T9 4 8 11 0x7f8 0 0 2 2
T9 4 9 5 0x19 0 1 0 0
T9 4 10 5 0x17 0 1 0 1
T9 4 11 8 0xed 0 1 0 2
T9 4 12 5 0x15 0 1 1 0
T9 4 13 4 0x1 0 1 1 1
T9 4 14 8 0xe2 0 1 1 2
T9 4 15 8 0xf0 0 1 2 0
T9 4 16 7 0x70 0 1 2 1
T9 4 17 10 0x3f0 0 1 2 2
T9 4 18 9 0x1ee 0 2 0 0
T9 4 19 8 0xf1 0 2 0 1
T9 4 20 11 0x7fa 0 2 0 2
T9 4 21 8 0xee 0 2 1 0
T9 4 22 8 0xe4 0 2 1 1
T9 4 23 10 0x3f2 0 2 1 2
T9 4 24 11 0x7f6 0 2 2 0
T9 4 25 10 0x3ef 0 2 2 1
T9 4 26 11 0x7fd 0 2 2 2
T9 4 27 4 0x5 1 0 0 0
T9 4 28 5 0x14 1 0 0 1
T9 4 29 8 0xf2 1 0 0 2
T9 4 30 4 0x9 1 0 1 0
T9 4 31 4 0x4 1 0 1 1
T9 4 32 8 0xe5 1 0 1 2
T9 4 33 8 0xf4 1 0 2 0
T9 4 34 8 0xe8 1 0 2 1
T9 4 35 10 0x3f4 1 0 2 2
T9 4 36 4 0x6 1 1 0 0
T9 4 37 4 0x2 1 1 0 1
T9 4 38 8 0xe7 1 1 0 2
T9 4 39 4 0x3 1 1 1 0
T9 4 40 4 0x0 1 1 1 1
T9 4 41 7 0x6b 1 1 1 2
T9 4 42 8 0xe3 1 1 2 0
T9 4 43 7 0x69 1 1 2 1
T9 4 44 9 0x1f3 1 1 2 2
T9 4 45 8 0xeb 1 2 0 0
T9 4 46 8 0xe6 1 2 0 1
T9 4 47 10 0x3f6 1 2 0 2
T9 4 48 7 0x6e 1 2 1 0
T9 4 49 7 0x6a 1 2 1 1
T9 4 50 9 0x1f4 1 2 1 2
T9 4 51 10 0x3ec 1 2 2 0
T9 4 52 9 0x1f0 1 2 2 1
T9 4 53 10 0x3f9 1 2 2 2
T9 4 54 8 0xf5 2 0 0 0
T9 4 55 8 0xec 2 0 0 1
T9 4 56 11 0x7fb 2 0 0 2
T9 4 57 8 0xea 2 0 1 0
T9 4 58 7 0x6f 2 0 1 1
T9 4 59 10 0x3f7 2 0 1 2
T9 4 60 11 0x7f9 2 0 2 0
T9 4 61 10 0x3f3 2 0 2 1
T9 4 62 12 0xfff 2 0 2 2
T9 4 63 8 0xe9 2 1 0 0
T9 4 64 7 0x6d 2 1 0 1
T9 4 65 10 0x3f8 2 1 0 2
T9 4 66 7 0x6c 2 1 1 0
T9 4 67 7 0x68 2 1 1 1
T9 4 68 9 0x1f5 2 1 1 2
T9 4 69 10 0x3ee 2 1 2 0
T9 4 70 9 0x1f2 2 1 2 1
T9 4 71 11 0x7f4 2 1 2 2
T9 4 72 11 0x7f7 2 2 0 0
T9 4 73 10 0x3f1 2 2 0 1
T9 4 74 12 0xffe 2 2 0 2
T9 4 75 10 0x3ed 2 2 1 0
T9 4 76 9 0x1f1 2 2 1 1
T9 4 77 11 0x7f5 2 2 1 2
T9 4 78 11 0x7fe 2 2 2 0
T9 4 79 10 0x3f5 2 2 2 1
T9 4 80 11 0x7fc 2 2 2 2
T10 2 0 13 0x1fff -4 -4
T10 2 1 12 0xff7 -4 -3
T10 2 2 11 0x7f4 -4 -2
T10 2 3 11 0x7e8 -4 -1
T10 2 4 10 0x3f1 -4 0
T10 2 5 11 0x7ee -4 1
T10 2 6 11 0x7f9 -4 2
T10 2 7 12 0xff8 -4 3
T10 2 8 13 0x1ffd -4 4
T10 2 9 12 0xffd -3 -4
T10 2 10 11 0x7f1 -3 -3
T10 2 11 10 0x3e8 -3 -2
T10 2 12 9 0x1e8 -3 -1
T10 2 13 8 0xf0 -3 0
T10 2 14 9 0x1ec -3 1
T10 2 15 10 0x3ee -3 2
T10 2 16 11 0x7f2 -3 3
T10 2 17 12 0xffa -3 4
T10 2 18 12 0xff4 -2 -4
T10 2 19 10 0x3ef -2 -3
T10 2 20 9 0x1f2 -2 -2
T10 2 21 8 0xe8 -2 -1
T10 2 22 7 0x70 -2 0
T10 2 23 8 0xec -2 1
T10 2 24 9 0x1f0 -2 2
T10 2 25 10 0x3ea -2 3
T10 2 26 11 0x7f3 -2 4
T10 2 27 11 0x7eb -1 -4
T10 2 28 9 0x1eb -1 -3
T10 2 29 8 0xea -1 -2
T10 2 30 5 0x1a -1 -1
T10 2 31 4 0x8 -1 0
T10 2 32 5 0x19 -1 1
T10 2 33 8 0xee -1 2
T10 2 34 9 0x1ef -1 3
T10 2 35 11 0x7ed -1 4
T10 2 36 10 0x3f0 0 -4
T10 2 37 8 0xf2 0 -3
T10 2 38 7 0x73 0 -2
T10 2 39 4 0xb 0 -1
T10 2 40 1 0x0 0 0
T10 2 41 4 0xa 0 1
T10 2 42 7 0x71 0 2
T10 2 43 8 0xf3 0 3
T10 2 44 11 0x7e9 0 4
T10 2 45 11 0x7ef 1 -4
T10 2 46 9 0x1ee 1 -3
T10 2 47 8 0xef 1 -2
T10 2 48 5 0x18 1 -1
T10 2 49 4 0x9 1 0
T10 2 50 5 0x1b 1 1
T10 2 51 8 0xeb 1 2
T10 2 52 9 0x1e9 1 3
T10 2 53 11 0x7ec 1 4
T10 2 54 11 0x7f6 2 -4
T10 2 55 10 0x3eb 2 -3
T10 2 56 9 0x1f3 2 -2
T10 2 57 8 0xed 2 -1
T10 2 58 7 0x72 2 0
T10 2 59 8 0xe9 2 1
T10 2 60 9 0x1f1 2 2
T10 2 61 10 0x3ed 2 3
T10 2 62 11 0x7f7 2 4
T10 2 63 12 0xff6 3 -4
T10 2 64 11 0x7f0 3 -3
T10 2 65 10 0x3e9 3 -2
T10 2 66 9 0x1ed 3 -1
T10 2 67 8 0xf1 3 0
T10 2 68 9 0x1ea 3 1
T10 2 69 10 0x3ec 3 2
T10 2 70 11 0x7f8 3 3
T10 2 71 12 0xff9 3 4
T10 2 72 13 0x1ffc 4 -4
T10 2 73 12 0xffc 4 -3
T10 2 74 12 0xff5 4 -2
T10 2 75 11 0x7ea 4 -1
T10 2 76 10 0x3f3 4 0
T10 2 77 10 0x3f2 4 1
T10 2 78 11 0x7f5 4 2
T10 2 79 12 0xffb 4 3
T10 2 80 13 0x1ffe 4 4
T11 2 0 11 0x7fe -4 -4
T11 2 1 10 0x3fd -4 -3
T11 2 2 9 0x1f1 -4 -2
T11 2 3 9 0x1eb -4 -1
T11 2 4 9 0x1f4 -4 0
T11 2 5 9 0x1ea -4 1
T11 2 6 9 0x1f0 -4 2
T11 2 7 10 0x3fc -4 3
T11 2 8 11 0x7fd -4 4
T11 2 9 10 0x3f6 -3 -4
T11 2 10 9 0x1e5 -3 -3
T11 2 11 8 0xea -3 -2
T11 2 12 7 0x6c -3 -1
T11 2 13 7 0x71 -3 0
T11 2 14 7 0x68 -3 1
T11 2 15 8 0xf0 -3 2
T11 2 16 9 0x1e6 -3 3
T11 2 17 10 0x3f7 -3 4
T11 2 18 9 0x1f3 -2 -4
T11 2 19 8 0xef -2 -3
T11 2 20 6 0x32 -2 -2
T11 2 21 6 0x27 -2 -1
T11 2 22 6 0x28 -2 0
T11 2 23 6 0x26 -2 1
T11 2 24 6 0x31 -2 2
T11 2 25 8 0xeb -2 3
T11 2 26 9 0x1f7 -2 4
T11 2 27 9 0x1e8 -1 -4
T11 2 28 7 0x6f -1 -3
T11 2 29 6 0x2e -1 -2
T11 2 30 4 0x8 -1 -1
T11 2 31 4 0x4 -1 0
T11 2 32 4 0x6 -1 1
T11 2 33 6 0x29 -1 2
T11 2 34 7 0x6b -1 3
T11 2 35 9 0x1ee -1 4
T11 2 36 9 0x1ef 0 -4
T11 2 37 7 0x72 0 -3
T11 2 38 6 0x2d 0 -2
T11 2 39 4 0x2 0 -1
T11 2 40 4 0x0 0 0
T11 2 41 4 0x3 0 1
T11 2 42 6 0x2f 0 2
T11 2 43 7 0x73 0 3
T11 2 44 9 0x1fa 0 4
T11 2 45 9 0x1e7 1 -4
T11 2 46 7 0x6e 1 -3
T11 2 47 6 0x2b 1 -2
T11 2 48 4 0x7 1 -1
T11 2 49 4 0x1 1 0
T11 2 50 4 0x5 1 1
T11 2 51 6 0x2c 1 2
T11 2 52 7 0x6d 1 3
T11 2 53 9 0x1ec 1 4
T11 2 54 9 0x1f9 2 -4
T11 2 55 8 0xee 2 -3
T11 2 56 6 0x30 2 -2
T11 2 57 6 0x24 2 -1
T11 2 58 6 0x2a 2 0
T11 2 59 6 0x25 2 1
T11 2 60 6 0x33 2 2
T11 2 61 8 0xec 2 3
T11 2 62 9 0x1f2 2 4
T11 2 63 10 0x3f8 3 -4
T11 2 64 9 0x1e4 3 -3
T11 2 65 8 0xed 3 -2
T11 2 66 7 0x6a 3 -1
T11 2 67 7 0x70 3 0
T11 2 68 7 0x69 3 1
T11 2 69 7 0x74 3 2
T11 2 70 8 0xf1 3 3
T11 2 71 10 0x3fa 3 4
T11 2 72 11 0x7ff 4 -4
T11 2 73 10 0x3f9 4 -3
T11 2 74 9 0x1f6 4 -2
T11 2 75 9 0x1ed 4 -1
T11 2 76 9 0x1f8 4 0
T11 2 77 9 0x1e9 4 1
T11 2 78 9 0x1f5 4 2
T11 2 79 10 0x3fb 4 3
T11 2 80 11 0x7fc 4 4
T12 2 0 1 0x0 0 0
T12 2 1 3 0x5 0 1
T12 2 2 6 0x37 0 2
T12 2 3 7 0x74 0 3
T12 2 4 8 0xf2 0 4
T12 2 5 9 0x1eb 0 5
T12 2 6 10 0x3ed 0 6
T12 2 7 11 0x7f7 0 7
T12 2 8 3 0x4 1 0
T12 2 9 4 0xc 1 1
T12 2 10 6 0x35 1 2
T12 2 11 7 0x71 1 3
T12 2 12 8 0xec 1 4
T12 2 13 8 0xee 1 5
T12 2 14 9 0x1ee 1 6
T12 2 15 9 0x1f5 1 7
T12 2 16 6 0x36 2 0
T12 2 17 6 0x34 2 1
T12 2 18 7 0x72 2 2
T12 2 19 8 0xea 2 3
T12 2 20 8 0xf1 2 4
T12 2 21 9 0x1e9 2 5
T12 2 22 9 0x1f3 2 6
T12 2 23 10 0x3f5 2 7
T12 2 24 7 0x73 3 0
T12 2 25 7 0x70 3 1
T12 2 26 8 0xeb 3 2
T12 2 27 8 0xf0 3 3
T12 2 28 9 0x1f1 3 4
T12 2 29 9 0x1f0 3 5
T12 2 30 10 0x3ec 3 6
T12 2 31 10 0x3fa 3 7
T12 2 32 8 0xf3 4 0
T12 2 33 8 0xed 4 1
T12 2 34 9 0x1e8 4 2
T12 2 35 9 0x1ef 4 3
T12 2 36 10 0x3ef 4 4
T12 2 37 10 0x3f1 4 5
T12 2 38 10 0x3f9 4 6
T12 2 39 11 0x7fb 4 7
T12 2 40 9 0x1ed 5 0
T12 2 41 8 0xef 5 1
T12 2 42 9 0x1ea 5 2
T12 2 43 9 0x1f2 5 3
T12 2 44 10 0x3f3 5 4
T12 2 45 10 0x3f8 5 5
T12 2 46 11 0x7f9 5 6
T12 2 47 11 0x7fc 5 7
T12 2 48 10 0x3ee 6 0
T12 2 49 9 0x1ec 6 1
T12 2 50 9 0x1f4 6 2
T12 2 51 10 0x3f4 6 3
T12 2 52 10 0x3f7 6 4
T12 2 53 11 0x7f8 6 5
T12 2 54 12 0xffd 6 6
T12 2 55 12 0xffe 6 7
T12 2 56 11 0x7f6 7 0
T12 2 57 10 0x3f0 7 1
T12 2 58 10 0x3f2 7 2
T12 2 59 10 0x3f6 7 3
T12 2 60 11 0x7fa 7 4
T12 2 61 11 0x7fd 7 5
T12 2 62 12 0xffc 7 6
T12 2 63 12 0xfff 7 7
T13 2 0 5 0xe 0 0
T13 2 1 4 0x5 0 1
T13 2 2 5 0x10 0 2
T13 2 3 6 0x30 0 3
T13 2 4 7 0x6f 0 4
T13 2 5 8 0xf1 0 5
T13 2 6 9 0x1fa 0 6
T13 2 7 10 0x3fe 0 7
T13 2 8 4 0x3 1 0
T13 2 9 3 0x0 1 1
T13 2 10 4 0x4 1 2
T13 2 11 5 0x12 1 3
T13 2 12 6 0x2c 1 4
T13 2 13 7 0x6a 1 5
T13 2 14 7 0x75 1 6
T13 2 15 8 0xf8 1 7
T13 2 16 5 0xf 2 0
T13 2 17 4 0x2 2 1
T13 2 18 4 0x6 2 2
T13 2 19 5 0x14 2 3
T13 2 20 6 0x2e 2 4
T13 2 21 7 0x69 2 5
T13 2 22 7 0x72 2 6
T13 2 23 8 0xf5 2 7
T13 2 24 6 0x2f 3 0
T13 2 25 5 0x11 3 1
T13 2 26 5 0x13 3 2
T13 2 27 6 0x2a 3 3
T13 2 28 6 0x32 3 4
T13 2 29 7 0x6c 3 5
T13 2 30 8 0xec 3 6
T13 2 31 8 0xfa 3 7
T13 2 32 7 0x71 4 0
T13 2 33 6 0x2b 4 1
T13 2 34 6 0x2d 4 2
T13 2 35 6 0x31 4 3
T13 2 36 7 0x6d 4 4
T13 2 37 7 0x70 4 5
T13 2 38 8 0xf2 4 6
T13 2 39 9 0x1f9 4 7
T13 2 40 8 0xef 5 0
T13 2 41 7 0x68 5 1
T13 2 42 6 0x33 5 2
T13 2 43 7 0x6b 5 3
T13 2 44 7 0x6e 5 4
T13 2 45 8 0xee 5 5
T13 2 46 8 0xf9 5 6
T13 2 47 10 0x3fc 5 7
T13 2 48 9 0x1f8 6 0
T13 2 49 7 0x74 6 1
T13 2 50 7 0x73 6 2
T13 2 51 8 0xed 6 3
T13 2 52 8 0xf0 6 4
T13 2 53 8 0xf6 6 5
T13 2 54 9 0x1f6 6 6
T13 2 55 9 0x1fd 6 7
T13 2 56 10 0x3fd 7 0
T13 2 57 8 0xf3 7 1
T13 2 58 8 0xf4 7 2
T13 2 59 8 0xf7 7 3
T13 2 60 9 0x1f7 7 4
T13 2 61 9 0x1fb 7 5
T13 2 62 9 0x1fc 7 6
T13 2 63 10 0x3ff 7 7
T14 2 0 1 0x0 0 0
T14 2 1 3 0x5 0 1
T14 2 2 6 0x37 0 2
T14 2 3 8 0xe7 0 3
T14 2 4 9 0x1de 0 4
T14 2 5 10 0x3ce 0 5
T14 2 6 10 0x3d9 0 6
T14 2 7 11 0x7c8 0 7
T14 2 8 11 0x7cd 0 8
T14 2 9 12 0xfc8 0 9
T14 2 10 12 0xfdd 0 10
T14 2 11 13 0x1fe4 0 11
T14 2 12 13 0x1fec 0 12
T14 2 13 3 0x4 1 0
T14 2 14 4 0xc 1 1
T14 2 15 6 0x35 1 2
T14 2 16 7 0x72 1 3
T14 2 17 8 0xea 1 4
T14 2 18 8 0xed 1 5
T14 2 19 9 0x1e2 1 6
T14 2 20 10 0x3d1 1 7
T14 2 21 10 0x3d3 1 8
T14 2 22 10 0x3e0 1 9
T14 2 23 11 0x7d8 1 10
T14 2 24 12 0xfcf 1 11
T14 2 25 12 0xfd5 1 12
T14 2 26 6 0x36 2 0
T14 2 27 6 0x34 2 1
T14 2 28 7 0x71 2 2
T14 2 29 8 0xe8 2 3
T14 2 30 8 0xec 2 4
T14 2 31 9 0x1e1 2 5
T14 2 32 10 0x3cf 2 6
T14 2 33 10 0x3dd 2 7
T14 2 34 10 0x3db 2 8
T14 2 35 11 0x7d0 2 9
T14 2 36 12 0xfc7 2 10
T14 2 37 12 0xfd4 2 11
T14 2 38 12 0xfe4 2 12
T14 2 39 8 0xe6 3 0
T14 2 40 7 0x70 3 1
T14 2 41 8 0xe9 3 2
T14 2 42 9 0x1dd 3 3
T14 2 43 9 0x1e3 3 4
T14 2 44 10 0x3d2 3 5
T14 2 45 10 0x3dc 3 6
T14 2 46 11 0x7cc 3 7
T14 2 47 11 0x7ca 3 8
T14 2 48 11 0x7de 3 9
T14 2 49 12 0xfd8 3 10
T14 2 50 12 0xfea 3 11
T14 2 51 13 0x1fdb 3 12
T14 2 52 9 0x1df 4 0
T14 2 53 8 0xeb 4 1
T14 2 54 9 0x1dc 4 2
T14 2 55 9 0x1e6 4 3
T14 2 56 10 0x3d5 4 4
T14 2 57 10 0x3de 4 5
T14 2 58 11 0x7cb 4 6
T14 2 59 11 0x7dd 4 7
T14 2 60 11 0x7dc 4 8
T14 2 61 12 0xfcd 4 9
T14 2 62 12 0xfe2 4 10
T14 2 63 12 0xfe7 4 11
T14 2 64 13 0x1fe1 4 12
T14 2 65 10 0x3d0 5 0
T14 2 66 9 0x1e0 5 1
T14 2 67 9 0x1e4 5 2
T14 2 68 10 0x3d6 5 3
T14 2 69 11 0x7c5 5 4
T14 2 70 11 0x7d1 5 5
T14 2 71 11 0x7db 5 6
T14 2 72 12 0xfd2 5 7
T14 2 73 11 0x7e0 5 8
T14 2 74 12 0xfd9 5 9
T14 2 75 12 0xfeb 5 10
T14 2 76 13 0x1fe3 5 11
T14 2 77 13 0x1fe9 5 12
T14 2 78 11 0x7c4 6 0
T14 2 79 9 0x1e5 6 1
T14 2 80 10 0x3d7 6 2
T14 2 81 11 0x7c6 6 3
T14 2 82 11 0x7cf 6 4
T14 2 83 11 0x7da 6 5
T14 2 84 12 0xfcb 6 6
T14 2 85 12 0xfda 6 7
T14 2 86 12 0xfe3 6 8
T14 2 87 12 0xfe9 6 9
T14 2 88 13 0x1fe6 6 10
T14 2 89 13 0x1ff3 6 11
T14 2 90 13 0x1ff7 6 12
T14 2 91 11 0x7d3 7 0
T14 2 92 10 0x3d8 7 1
T14 2 93 10 0x3e1 7 2
T14 2 94 11 0x7d4 7 3
T14 2 95 11 0x7d9 7 4
T14 2 96 12 0xfd3 7 5
T14 2 97 12 0xfde 7 6
T14 2 98 13 0x1fdd 7 7
T14 2 99 13 0x1fd9 7 8
T14 2 100 13 0x1fe2 7 9
T14 2 101 13 0x1fea 7 10
T14 2 102 13 0x1ff1 7 11
T14 2 103 13 0x1ff6 7 12
T14 2 104 11 0x7d2 8 0
T14 2 105 10 0x3d4 8 1
T14 2 106 10 0x3da 8 2
T14 2 107 11 0x7c7 8 3
T14 2 108 11 0x7d7 8 4
T14 2 109 11 0x7e2 8 5
T14 2 110 12 0xfce 8 6
T14 2 111 12 0xfdb 8 7
T14 2 112 13 0x1fd8 8 8
T14 2 113 13 0x1fee 8 9
T14 2 114 14 0x3ff0 8 10
T14 2 115 13 0x1ff4 8 11
T14 2 116 14 0x3ff2 8 12
T14 2 117 11 0x7e1 9 0
T14 2 118 10 0x3df 9 1
T14 2 119 11 0x7c9 9 2
T14 2 120 11 0x7d6 9 3
T14 2 121 12 0xfca 9 4
T14 2 122 12 0xfd0 9 5
T14 2 123 12 0xfe5 9 6
T14 2 124 12 0xfe6 9 7
T14 2 125 13 0x1feb 9 8
T14 2 126 13 0x1fef 9 9
T14 2 127 14 0x3ff3 9 10
T14 2 128 14 0x3ff4 9 11
T14 2 129 14 0x3ff5 9 12
T14 2 130 12 0xfe0 10 0
T14 2 131 11 0x7ce 10 1
T14 2 132 11 0x7d5 10 2
T14 2 133 12 0xfc6 10 3
T14 2 134 12 0xfd1 10 4
T14 2 135 12 0xfe1 10 5
T14 2 136 13 0x1fe0 10 6
T14 2 137 13 0x1fe8 10 7
T14 2 138 13 0x1ff0 10 8
T14 2 139 14 0x3ff1 10 9
T14 2 140 14 0x3ff8 10 10
T14 2 141 14 0x3ff6 10 11
T14 2 142 15 0x7ffc 10 12
T14 2 143 12 0xfe8 11 0
T14 2 144 11 0x7df 11 1
T14 2 145 12 0xfc9 11 2
T14 2 146 12 0xfd7 11 3
T14 2 147 12 0xfdc 11 4
T14 2 148 13 0x1fdc 11 5
T14 2 149 13 0x1fdf 11 6
T14 2 150 13 0x1fed 11 7
T14 2 151 13 0x1ff5 11 8
T14 2 152 14 0x3ff9 11 9
T14 2 153 14 0x3ffb 11 10
T14 2 154 15 0x7ffd 11 11
T14 2 155 15 0x7ffe 11 12
T14 2 156 13 0x1fe7 12 0
T14 2 157 12 0xfcc 12 1
T14 2 158 12 0xfd6 12 2
T14 2 159 12 0xfdf 12 3
T14 2 160 13 0x1fde 12 4
T14 2 161 13 0x1fda 12 5
T14 2 162 13 0x1fe5 12 6
T14 2 163 13 0x1ff2 12 7
T14 2 164 14 0x3ffa 12 8
T14 2 165 14 0x3ff7 12 9
T14 2 166 14 0x3ffc 12 10
T14 2 167 14 0x3ffd 12 11
T14 2 168 15 0x7fff 12 12
T15 2 0 6 0x22 0 0
T15 2 1 5 0x8 0 1
T15 2 2 6 0x1d 0 2
T15 2 3 6 0x26 0 3
T15 2 4 7 0x5f 0 4
T15 2 5 8 0xd3 0 5
T15 2 6 9 0x1cf 0 6
T15 2 7 10 0x3d0 0 7
T15 2 8 10 0x3d7 0 8
T15 2 9 10 0x3ed 0 9
T15 2 10 11 0x7f0 0 10
T15 2 11 11 0x7f6 0 11
T15 2 12 12 0xffd 0 12
T15 2 13 5 0x7 1 0
T15 2 14 4 0x0 1 1
T15 2 15 4 0x1 1 2
T15 2 16 5 0x9 1 3
T15 2 17 6 0x20 1 4
T15 2 18 7 0x54 1 5
T15 2 19 7 0x60 1 6
T15 2 20 8 0xd5 1 7
T15 2 21 8 0xdc 1 8
T15 2 22 9 0x1d4 1 9
T15 2 23 10 0x3cd 1 10
T15 2 24 10 0x3de 1 11
T15 2 25 11 0x7e7 1 12
T15 2 26 6 0x1c 2 0
T15 2 27 4 0x2 2 1
T15 2 28 5 0x6 2 2
T15 2 29 5 0xc 2 3
T15 2 30 6 0x1e 2 4
T15 2 31 6 0x28 2 5
T15 2 32 7 0x5b 2 6
T15 2 33 8 0xcd 2 7
T15 2 34 8 0xd9 2 8
T15 2 35 9 0x1ce 2 9
T15 2 36 9 0x1dc 2 10
T15 2 37 10 0x3d9 2 11
T15 2 38 10 0x3f1 2 12
T15 2 39 6 0x25 3 0
T15 2 40 5 0xb 3 1
T15 2 41 5 0xa 3 2
T15 2 42 5 0xd 3 3
T15 2 43 6 0x24 3 4
T15 2 44 7 0x57 3 5
T15 2 45 7 0x61 3 6
T15 2 46 8 0xcc 3 7
T15 2 47 8 0xdd 3 8
T15 2 48 9 0x1cc 3 9
T15 2 49 9 0x1de 3 10
T15 2 50 10 0x3d3 3 11
T15 2 51 10 0x3e7 3 12
T15 2 52 7 0x5d 4 0
T15 2 53 6 0x21 4 1
T15 2 54 6 0x1f 4 2
T15 2 55 6 0x23 4 3
T15 2 56 6 0x27 4 4
T15 2 57 7 0x59 4 5
T15 2 58 7 0x64 4 6
T15 2 59 8 0xd8 4 7
T15 2 60 8 0xdf 4 8
T15 2 61 9 0x1d2 4 9
T15 2 62 9 0x1e2 4 10
T15 2 63 10 0x3dd 4 11
T15 2 64 10 0x3ee 4 12
T15 2 65 8 0xd1 5 0
T15 2 66 7 0x55 5 1
T15 2 67 6 0x29 5 2
T15 2 68 7 0x56 5 3
T15 2 69 7 0x58 5 4
T15 2 70 7 0x62 5 5
T15 2 71 8 0xce 5 6
T15 2 72 8 0xe0 5 7
T15 2 73 8 0xe2 5 8
T15 2 74 9 0x1da 5 9
T15 2 75 10 0x3d4 5 10
T15 2 76 10 0x3e3 5 11
T15 2 77 11 0x7eb 5 12
T15 2 78 9 0x1c9 6 0
T15 2 79 7 0x5e 6 1
T15 2 80 7 0x5a 6 2
T15 2 81 7 0x5c 6 3
T15 2 82 7 0x63 6 4
T15 2 83 8 0xca 6 5
T15 2 84 8 0xda 6 6
T15 2 85 9 0x1c7 6 7
T15 2 86 9 0x1ca 6 8
T15 2 87 9 0x1e0 6 9
T15 2 88 10 0x3db 6 10
T15 2 89 10 0x3e8 6 11
T15 2 90 11 0x7ec 6 12
T15 2 91 9 0x1e3 7 0
T15 2 92 8 0xd2 7 1
T15 2 93 8 0xcb 7 2
T15 2 94 8 0xd0 7 3
T15 2 95 8 0xd7 7 4
T15 2 96 8 0xdb 7 5
T15 2 97 9 0x1c6 7 6
T15 2 98 9 0x1d5 7 7
T15 2 99 9 0x1d8 7 8
T15 2 100 10 0x3ca 7 9
T15 2 101 10 0x3da 7 10
T15 2 102 11 0x7ea 7 11
T15 2 103 11 0x7f1 7 12
T15 2 104 9 0x1e1 8 0
T15 2 105 8 0xd4 8 1
T15 2 106 8 0xcf 8 2
T15 2 107 8 0xd6 8 3
T15 2 108 8 0xde 8 4
T15 2 109 8 0xe1 8 5
T15 2 110 9 0x1d0 8 6
T15 2 111 9 0x1d6 8 7
T15 2 112 10 0x3d1 8 8
T15 2 113 10 0x3d5 8 9
T15 2 114 10 0x3f2 8 10
T15 2 115 11 0x7ee 8 11
T15 2 116 11 0x7fb 8 12
T15 2 117 10 0x3e9 9 0
T15 2 118 9 0x1cd 9 1
T15 2 119 9 0x1c8 9 2
T15 2 120 9 0x1cb 9 3
T15 2 121 9 0x1d1 9 4
T15 2 122 9 0x1d7 9 5
T15 2 123 9 0x1df 9 6
T15 2 124 10 0x3cf 9 7
T15 2 125 10 0x3e0 9 8
T15 2 126 10 0x3ef 9 9
T15 2 127 11 0x7e6 9 10
T15 2 128 11 0x7f8 9 11
T15 2 129 12 0xffa 9 12
T15 2 130 10 0x3eb 10 0
T15 2 131 9 0x1dd 10 1
T15 2 132 9 0x1d3 10 2
T15 2 133 9 0x1d9 10 3
T15 2 134 9 0x1db 10 4
T15 2 135 10 0x3d2 10 5
T15 2 136 10 0x3cc 10 6
T15 2 137 10 0x3dc 10 7
T15 2 138 10 0x3ea 10 8
T15 2 139 11 0x7ed 10 9
T15 2 140 11 0x7f3 10 10
T15 2 141 11 0x7f9 10 11
T15 2 142 12 0xff9 10 12
T15 2 143 11 0x7f2 11 0
T15 2 144 10 0x3ce 11 1
T15 2 145 9 0x1e4 11 2
T15 2 146 10 0x3cb 11 3
T15 2 147 10 0x3d8 11 4
T15 2 148 10 0x3d6 11 5
T15 2 149 10 0x3e2 11 6
T15 2 150 10 0x3e5 11 7
T15 2 151 11 0x7e8 11 8
T15 2 152 11 0x7f4 11 9
T15 2 153 11 0x7f5 11 10
T15 2 154 11 0x7f7 11 11
T15 2 155 12 0xffb 11 12
T15 2 156 11 0x7fa 12 0
T15 2 157 10 0x3ec 12 1
T15 2 158 10 0x3df 12 2
T15 2 159 10 0x3e1 12 3
T15 2 160 10 0x3e4 12 4
T15 2 161 10 0x3e6 12 5
T15 2 162 10 0x3f0 12 6
T15 2 163 11 0x7e9 12 7
T15 2 164 11 0x7ef 12 8
T15 2 165 12 0xff8 12 9
T15 2 166 12 0xffe 12 10
T15 2 167 12 0xffc 12 11
T15 2 168 12 0xfff 12 12
T16 2 0 4 0x0 0 0
T16 2 1 5 0x6 0 1
T16 2 2 6 0x19 0 2
T16 2 3 7 0x3d 0 3
T16 2 4 8 0x9c 0 4
T16 2 5 8 0xc6 0 5
T16 2 6 9 0x1a7 0 6
T16 2 7 10 0x390 0 7
T16 2 8 10 0x3c2 0 8
T16 2 9 10 0x3df 0 9
T16 2 10 11 0x7e6 0 10
T16 2 11 11 0x7f3 0 11
T16 2 12 12 0xffb 0 12
T16 2 13 11 0x7ec 0 13
T16 2 14 12 0xffa 0 14
T16 2 15 12 0xffe 0 15
T16 2 16 10 0x38e 0 16
T16 2 17 5 0x5 1 0
T16 2 18 4 0x1 1 1
T16 2 19 5 0x8 1 2
T16 2 20 6 0x14 1 3
T16 2 21 7 0x37 1 4
T16 2 22 7 0x42 1 5
T16 2 23 8 0x92 1 6
T16 2 24 8 0xaf 1 7
T16 2 25 9 0x191 1 8
T16 2 26 9 0x1a5 1 9
T16 2 27 9 0x1b5 1 10
T16 2 28 10 0x39e 1 11
T16 2 29 10 0x3c0 1 12
T16 2 30 10 0x3a2 1 13
T16 2 31 10 0x3cd 1 14
T16 2 32 11 0x7d6 1 15
T16 2 33 8 0xae 1 16
T16 2 34 6 0x17 2 0
T16 2 35 5 0x7 2 1
T16 2 36 5 0x9 2 2
T16 2 37 6 0x18 2 3
T16 2 38 7 0x39 2 4
T16 2 39 7 0x40 2 5
T16 2 40 8 0x8e 2 6
T16 2 41 8 0xa3 2 7
T16 2 42 8 0xb8 2 8
T16 2 43 9 0x199 2 9
T16 2 44 9 0x1ac 2 10
T16 2 45 9 0x1c1 2 11
T16 2 46 10 0x3b1 2 12
T16 2 47 10 0x396 2 13
T16 2 48 10 0x3be 2 14
T16 2 49 10 0x3ca 2 15
T16 2 50 8 0x9d 2 16
T16 2 51 7 0x3c 3 0
T16 2 52 6 0x15 3 1
T16 2 53 6 0x16 3 2
T16 2 54 6 0x1a 3 3
T16 2 55 7 0x3b 3 4
T16 2 56 7 0x44 3 5
T16 2 57 8 0x91 3 6
T16 2 58 8 0xa5 3 7
T16 2 59 8 0xbe 3 8
T16 2 60 9 0x196 3 9
T16 2 61 9 0x1ae 3 10
T16 2 62 9 0x1b9 3 11
T16 2 63 10 0x3a1 3 12
T16 2 64 10 0x391 3 13
T16 2 65 10 0x3a5 3 14
T16 2 66 10 0x3d5 3 15
T16 2 67 8 0x94 3 16
T16 2 68 8 0x9a 4 0
T16 2 69 7 0x36 4 1
T16 2 70 7 0x38 4 2
T16 2 71 7 0x3a 4 3
T16 2 72 7 0x41 4 4
T16 2 73 8 0x8c 4 5
T16 2 74 8 0x9b 4 6
T16 2 75 8 0xb0 4 7
T16 2 76 8 0xc3 4 8
T16 2 77 9 0x19e 4 9
T16 2 78 9 0x1ab 4 10
T16 2 79 9 0x1bc 4 11
T16 2 80 10 0x39f 4 12
T16 2 81 10 0x38f 4 13
T16 2 82 10 0x3a9 4 14
T16 2 83 10 0x3cf 4 15
T16 2 84 8 0x93 4 16
T16 2 85 8 0xbf 5 0
T16 2 86 7 0x3e 5 1
T16 2 87 7 0x3f 5 2
T16 2 88 7 0x43 5 3
T16 2 89 7 0x45 5 4
T16 2 90 8 0x9e 5 5
T16 2 91 8 0xa7 5 6
T16 2 92 8 0xb9 5 7
T16 2 93 9 0x194 5 8
T16 2 94 9 0x1a2 5 9
T16 2 95 9 0x1ba 5 10
T16 2 96 9 0x1c3 5 11
T16 2 97 10 0x3a6 5 12
T16 2 98 10 0x3a7 5 13
T16 2 99 10 0x3bb 5 14
T16 2 100 10 0x3d4 5 15
T16 2 101 8 0x9f 5 16
T16 2 102 9 0x1a0 6 0
T16 2 103 8 0x8f 6 1
T16 2 104 8 0x8d 6 2
T16 2 105 8 0x90 6 3
T16 2 106 8 0x98 6 4
T16 2 107 8 0xa6 6 5
T16 2 108 8 0xb6 6 6
T16 2 109 8 0xc4 6 7
T16 2 110 9 0x19f 6 8
T16 2 111 9 0x1af 6 9
T16 2 112 9 0x1bf 6 10
T16 2 113 10 0x399 6 11
T16 2 114 10 0x3bf 6 12
T16 2 115 10 0x3b4 6 13
T16 2 116 10 0x3c9 6 14
T16 2 117 10 0x3e7 6 15
T16 2 118 8 0xa8 6 16
T16 2 119 9 0x1b6 7 0
T16 2 120 8 0xab 7 1
T16 2 121 8 0xa4 7 2
T16 2 122 8 0xaa 7 3
T16 2 123 8 0xb2 7 4
T16 2 124 8 0xc2 7 5
T16 2 125 8 0xc5 7 6
T16 2 126 9 0x198 7 7
T16 2 127 9 0x1a4 7 8
T16 2 128 9 0x1b8 7 9
T16 2 129 10 0x38c 7 10
T16 2 130 10 0x3a4 7 11
T16 2 131 10 0x3c4 7 12
T16 2 132 10 0x3c6 7 13
T16 2 133 10 0x3dd 7 14
T16 2 134 10 0x3e8 7 15
T16 2 135 8 0xad 7 16
T16 2 136 10 0x3af 8 0
T16 2 137 9 0x192 8 1
T16 2 138 8 0xbd 8 2
T16 2 139 8 0xbc 8 3
T16 2 140 9 0x18e 8 4
T16 2 141 9 0x197 8 5
T16 2 142 9 0x19a 8 6
T16 2 143 9 0x1a3 8 7
T16 2 144 9 0x1b1 8 8
T16 2 145 10 0x38d 8 9
T16 2 146 10 0x398 8 10
T16 2 147 10 0x3b7 8 11
T16 2 148 10 0x3d3 8 12
T16 2 149 10 0x3d1 8 13
T16 2 150 10 0x3db 8 14
T16 2 151 11 0x7dd 8 15
T16 2 152 8 0xb4 8 16
T16 2 153 10 0x3de 9 0
T16 2 154 9 0x1a9 9 1
T16 2 155 9 0x19b 9 2
T16 2 156 9 0x19c 9 3
T16 2 157 9 0x1a1 9 4
T16 2 158 9 0x1aa 9 5
T16 2 159 9 0x1ad 9 6
T16 2 160 9 0x1b3 9 7
T16 2 161 10 0x38b 9 8
T16 2 162 10 0x3b2 9 9
T16 2 163 10 0x3b8 9 10
T16 2 164 10 0x3ce 9 11
T16 2 165 10 0x3e1 9 12
T16 2 166 10 0x3e0 9 13
T16 2 167 11 0x7d2 9 14
T16 2 168 11 0x7e5 9 15
T16 2 169 8 0xb7 9 16
T16 2 170 11 0x7e3 10 0
T16 2 171 9 0x1bb 10 1
T16 2 172 9 0x1a8 10 2
T16 2 173 9 0x1a6 10 3
T16 2 174 9 0x1b0 10 4
T16 2 175 9 0x1b2 10 5
T16 2 176 9 0x1b7 10 6
T16 2 177 10 0x39b 10 7
T16 2 178 10 0x39a 10 8
T16 2 179 10 0x3ba 10 9
T16 2 180 10 0x3b5 10 10
T16 2 181 10 0x3d6 10 11
T16 2 182 11 0x7d7 10 12
T16 2 183 10 0x3e4 10 13
T16 2 184 11 0x7d8 10 14
T16 2 185 11 0x7ea 10 15
T16 2 186 8 0xba 10 16
T16 2 187 11 0x7e8 11 0
T16 2 188 10 0x3a0 11 1
T16 2 189 9 0x1bd 11 2
T16 2 190 9 0x1b4 11 3
T16 2 191 10 0x38a 11 4
T16 2 192 9 0x1c4 11 5
T16 2 193 10 0x392 11 6
T16 2 194 10 0x3aa 11 7
T16 2 195 10 0x3b0 11 8
T16 2 196 10 0x3bc 11 9
T16 2 197 10 0x3d7 11 10
T16 2 198 11 0x7d4 11 11
T16 2 199 11 0x7dc 11 12
T16 2 200 11 0x7db 11 13
T16 2 201 11 0x7d5 11 14
T16 2 202 11 0x7f0 11 15
T16 2 203 8 0xc1 11 16
T16 2 204 11 0x7fb 12 0
T16 2 205 10 0x3c8 12 1
T16 2 206 10 0x3a3 12 2
T16 2 207 10 0x395 12 3
T16 2 208 10 0x39d 12 4
T16 2 209 10 0x3ac 12 5
T16 2 210 10 0x3ae 12 6
T16 2 211 10 0x3c5 12 7
T16 2 212 10 0x3d8 12 8
T16 2 213 10 0x3e2 12 9
T16 2 214 10 0x3e6 12 10
T16 2 215 11 0x7e4 12 11
T16 2 216 11 0x7e7 12 12
T16 2 217 11 0x7e0 12 13
T16 2 218 11 0x7e9 12 14
T16 2 219 11 0x7f7 12 15
T16 2 220 9 0x190 12 16
T16 2 221 11 0x7f2 13 0
T16 2 222 10 0x393 13 1
T16 2 223 9 0x1be 13 2
T16 2 224 9 0x1c0 13 3
T16 2 225 10 0x394 13 4
T16 2 226 10 0x397 13 5
T16 2 227 10 0x3ad 13 6
T16 2 228 10 0x3c3 13 7
T16 2 229 10 0x3c1 13 8
T16 2 230 10 0x3d2 13 9
T16 2 231 11 0x7da 13 10
T16 2 232 11 0x7d9 13 11
T16 2 233 11 0x7df 13 12
T16 2 234 11 0x7eb 13 13
T16 2 235 11 0x7f4 13 14
T16 2 236 11 0x7fa 13 15
T16 2 237 9 0x195 13 16
T16 2 238 11 0x7f8 14 0
T16 2 239 10 0x3bd 14 1
T16 2 240 10 0x39c 14 2
T16 2 241 10 0x3ab 14 3
T16 2 242 10 0x3a8 14 4
T16 2 243 10 0x3b3 14 5
T16 2 244 10 0x3b9 14 6
T16 2 245 10 0x3d0 14 7
T16 2 246 10 0x3e3 14 8
T16 2 247 10 0x3e5 14 9
T16 2 248 11 0x7e2 14 10
T16 2 249 11 0x7de 14 11
T16 2 250 11 0x7ed 14 12
T16 2 251 11 0x7f1 14 13
T16 2 252 11 0x7f9 14 14
T16 2 253 11 0x7fc 14 15
T16 2 254 9 0x193 14 16
T16 2 255 12 0xffd 15 0
T16 2 256 10 0x3dc 15 1
T16 2 257 10 0x3b6 15 2
T16 2 258 10 0x3c7 15 3
T16 2 259 10 0x3cc 15 4
T16 2 260 10 0x3cb 15 5
T16 2 261 10 0x3d9 15 6
T16 2 262 10 0x3da 15 7
T16 2 263 11 0x7d3 15 8
T16 2 264 11 0x7e1 15 9
T16 2 265 11 0x7ee 15 10
T16 2 266 11 0x7ef 15 11
T16 2 267 11 0x7f5 15 12
T16 2 268 11 0x7f6 15 13
T16 2 269 12 0xffc 15 14
T16 2 270 12 0xfff 15 15
T16 2 271 9 0x19d 15 16
T16 2 272 9 0x1c2 16 0
T16 2 273 8 0xb5 16 1
T16 2 274 8 0xa1 16 2
T16 2 275 8 0x96 16 3
T16 2 276 8 0x97 16 4
T16 2 277 8 0x95 16 5
T16 2 278 8 0x99 16 6
T16 2 279 8 0xa0 16 7
T16 2 280 8 0xa2 16 8
T16 2 281 8 0xac 16 9
T16 2 282 8 0xa9 16 10
T16 2 283 8 0xb1 16 11
T16 2 284 8 0xb3 16 12
T16 2 285 8 0xbb 16 13
T16 2 286 8 0xc0 16 14
T16 2 287 9 0x18f 16 15
T16 2 288 5 0x4 16 16
